\x1b[49m                                                                                                                        \x1b[m
\x1b[49m                                                                                                                        \x1b[m
\x1b[49m                                                                                                                        \x1b[m
\x1b[49m                                                                                                                        \x1b[m
\x1b[49m                                                 \x1b[38;5;167;48;5;174m▄\x1b[38;5;167;48;5;167m▄\x1b[38;5;95;48;5;168m▄\x1b[38;5;237;48;5;168m▄\x1b[38;5;235;49m▄\x1b[38;5;238;49m▄\x1b[49m                                                                 \x1b[m
\x1b[49m                                                 \x1b[38;5;174;48;5;167m▄\x1b[38;5;239;48;5;131m▄\x1b[38;5;234;48;5;234m▄▄▄\x1b[38;5;23;48;5;236m▄\x1b[38;5;109;49m▄\x1b[38;5;167;48;5;173m▄\x1b[38;5;167;48;5;167m▄\x1b[38;5;131;48;5;174m▄▄▄▄▄▄\x1b[38;5;131;48;5;131m▄▄\x1b[38;5;131;48;5;174m▄▄\x1b[38;5;131;48;5;131m▄\x1b[38;5;131;48;5;138m▄\x1b[38;5;102;49m▄\x1b[49m                                                 \x1b[m
\x1b[49m                                              \x1b[38;5;174;49m▄\x1b[38;5;167;48;5;174m▄▄▄▄\x1b[38;5;167;48;5;103m▄\x1b[38;5;132;48;5;67m▄\x1b[38;5;132;48;5;68m▄\x1b[38;5;132;48;5;67m▄\x1b[38;5;167;48;5;139m▄\x1b[38;5;167;48;5;167m▄\x1b[38;5;131;48;5;131m▄\x1b[38;5;234;48;5;233m▄▄▄▄▄▄▄▄▄▄▄\x1b[38;5;234;48;5;234m▄\x1b[38;5;234;48;5;233m▄\x1b[38;5;95;48;5;238m▄\x1b[38;5;167;48;5;174m▄▄▄\x1b[38;5;138;49m▄\x1b[49m                                            \x1b[m
\x1b[49m                                            \x1b[38;5;167;49m▄▄\x1b[38;5;167;48;5;174m▄\x1b[38;5;167;48;5;167m▄\x1b[38;5;131;48;5;131m▄\x1b[38;5;234;48;5;233m▄▄▄▄▄▄▄▄▄\x1b[38;5;234;48;5;234m▄▄▄▄▄▄▄▄▄▄▄▄▄▄\x1b[38;5;234;48;5;233m▄▄▄▄▄\x1b[38;5;95;48;5;240m▄\x1b[49m                                          \x1b[m
\x1b[49m                                  \x1b[38;5;167;49m▄\x1b[38;5;167;48;5;181m▄\x1b[38;5;167;48;5;174m▄▄▄▄▄▄▄▄\x1b[38;5;167;48;5;167m▄\x1b[38;5;167;48;5;203m▄\x1b[38;5;236;48;5;236m▄\x1b[38;5;234;48;5;234m▄\x1b[38;5;234;48;5;235m▄\x1b[38;5;234;48;5;234m▄▄▄▄\x1b[48;5;234m \x1b[38;5;234;48;5;234m▄▄▄▄▄▄▄▄▄▄\x1b[48;5;234m     \x1b[38;5;234;48;5;234m▄\x1b[48;5;234m  \x1b[38;5;234;48;5;234m▄\x1b[48;5;234m \x1b[38;5;234;48;5;234m▄▄▄\x1b[38;5;234;48;5;235m▄▄\x1b[38;5;95;48;5;235m▄\x1b[38;5;132;49m▄\x1b[49m                                       \x1b[m
\x1b[49m                                  \x1b[38;5;174;48;5;167m▄\x1b[38;5;167;48;5;167m▄\x1b[38;5;95;48;5;131m▄\x1b[38;5;234;48;5;233m▄▄▄▄▄▄\x1b[38;5;234;48;5;234m▄\x1b[38;5;234;48;5;233m▄▄\x1b[38;5;234;48;5;234m▄▄▄▄▄▄\x1b[48;5;234m                      \x1b[38;5;234;48;5;234m▄▄▄▄▄\x1b[38;5;234;48;5;236m▄▄\x1b[38;5;234;48;5;234m▄\x1b[38;5;234;48;5;233m▄\x1b[38;5;67;49m▄\x1b[49m                                    \x1b[m
\x1b[49m                                    \x1b[38;5;146;48;5;239m▄\x1b[38;5;67;48;5;236m▄\x1b[38;5;32;48;5;236m▄▄\x1b[38;5;68;48;5;236m▄\x1b[38;5;132;48;5;236m▄\x1b[38;5;131;48;5;235m▄\x1b[38;5;234;48;5;234m▄\x1b[38;5;234;48;5;235m▄\x1b[38;5;234;48;5;234m▄▄▄▄\x1b[48;5;234m \x1b[38;5;234;48;5;234m▄▄\x1b[48;5;234m                      \x1b[38;5;234;48;5;234m▄▄▄▄▄▄▄▄\x1b[38;5;236;48;5;236m▄\x1b[38;5;67;48;5;67m▄\x1b[49m                                    \x1b[m
\x1b[49m                                         \x1b[38;5;167;48;5;167m▄▄\x1b[48;5;234m                                       \x1b[48;5;236m \x1b[38;5;67;48;5;67m▄\x1b[49m                                    \x1b[m
\x1b[49m                                         \x1b[38;5;167;48;5;167m▄▄\x1b[48;5;234m                                       \x1b[38;5;236;48;5;236m▄\x1b[38;5;67;48;5;67m▄\x1b[49m                                    \x1b[m
\x1b[49m                                         \x1b[38;5;167;48;5;167m▄▄\x1b[38;5;235;48;5;234m▄\x1b[38;5;234;48;5;234m▄▄▄▄▄▄▄\x1b[38;5;23;48;5;234m▄\x1b[38;5;67;48;5;235m▄▄\x1b[38;5;96;48;5;235m▄\x1b[38;5;95;48;5;235m▄\x1b[38;5;234;48;5;234m▄\x1b[48;5;234m \x1b[38;5;234;48;5;234m▄▄▄▄\x1b[48;5;234m \x1b[38;5;234;48;5;234m▄▄▄▄▄▄\x1b[38;5;237;48;5;234m▄\x1b[38;5;67;48;5;235m▄▄\x1b[38;5;96;48;5;235m▄\x1b[38;5;95;48;5;235m▄\x1b[38;5;234;48;5;234m▄▄▄▄▄▄\x1b[48;5;234m \x1b[38;5;234;48;5;234m▄\x1b[48;5;236m \x1b[48;5;67m \x1b[49m                                    \x1b[m
\x1b[49m                                         \x1b[38;5;167;48;5;167m▄▄\x1b[38;5;234;48;5;234m▄▄▄▄▄\x1b[38;5;235;48;5;234m▄\x1b[38;5;67;48;5;235m▄\x1b[38;5;32;48;5;236m▄\x1b[38;5;31;48;5;24m▄\x1b[38;5;74;48;5;74m▄\x1b[49;38;5;67m▀\x1b[49;38;5;103m▀\x1b[49;38;5;8m▀\x1b[38;5;8;48;5;234m▄\x1b[38;5;96;48;5;235m▄\x1b[38;5;239;48;5;235m▄\x1b[38;5;234;48;5;234m▄▄▄\x1b[48;5;234m \x1b[38;5;234;48;5;234m▄▄▄\x1b[38;5;235;48;5;235m▄\x1b[38;5;67;48;5;236m▄\x1b[38;5;32;48;5;236m▄\x1b[38;5;32;48;5;24m▄\x1b[38;5;67;48;5;74m▄\x1b[49;38;5;74m▀\x1b[49;38;5;109m▀▀\x1b[38;5;243;48;5;234m▄\x1b[38;5;96;48;5;235m▄\x1b[38;5;241;48;5;235m▄\x1b[38;5;234;48;5;234m▄▄▄\x1b[48;5;234m  \x1b[38;5;236;48;5;236m▄\x1b[38;5;67;48;5;67m▄\x1b[49m                                    \x1b[m
\x1b[49m                                         \x1b[48;5;167m \x1b[38;5;167;48;5;167m▄\x1b[38;5;234;48;5;234m▄▄▄▄\x1b[38;5;67;48;5;237m▄\x1b[38;5;68;48;5;24m▄\x1b[38;5;74;48;5;67m▄\x1b[49;38;5;153m▀\x1b[49m      \x1b[49;38;5;252m▀\x1b[38;5;167;48;5;240m▄\x1b[38;5;167;48;5;236m▄\x1b[38;5;235;48;5;234m▄\x1b[38;5;234;48;5;234m▄▄▄▄\x1b[38;5;61;48;5;237m▄\x1b[38;5;68;48;5;23m▄\x1b[38;5;68;48;5;67m▄\x1b[49m        \x1b[38;5;167;48;5;238m▄\x1b[38;5;167;48;5;235m▄\x1b[38;5;236;48;5;234m▄\x1b[38;5;234;48;5;234m▄▄\x1b[48;5;234m \x1b[38;5;236;48;5;236m▄\x1b[38;5;67;48;5;67m▄\x1b[49m                                    \x1b[m
\x1b[49m                                         \x1b[48;5;167m \x1b[38;5;167;48;5;167m▄\x1b[38;5;234;48;5;234m▄▄▄▄\x1b[38;5;67;48;5;67m▄\x1b[49m          \x1b[38;5;167;48;5;167m▄▄\x1b[38;5;235;48;5;235m▄\x1b[48;5;234m   \x1b[38;5;234;48;5;234m▄\x1b[38;5;60;48;5;60m▄\x1b[49m          \x1b[38;5;167;48;5;167m▄\x1b[38;5;203;48;5;167m▄\x1b[38;5;236;48;5;236m▄\x1b[38;5;234;48;5;234m▄\x1b[48;5;234m  \x1b[38;5;236;48;5;236m▄\x1b[38;5;67;48;5;67m▄\x1b[49m                                    \x1b[m
\x1b[49m                                         \x1b[48;5;167m  \x1b[48;5;234m  \x1b[38;5;234;48;5;234m▄▄\x1b[38;5;60;48;5;60m▄\x1b[49m          \x1b[38;5;167;48;5;167m▄▄\x1b[48;5;235m \x1b[38;5;234;48;5;234m▄\x1b[48;5;234m  \x1b[38;5;234;48;5;234m▄\x1b[38;5;60;48;5;60m▄\x1b[49m          \x1b[38;5;167;48;5;167m▄\x1b[38;5;203;48;5;203m▄\x1b[38;5;237;48;5;236m▄\x1b[38;5;234;48;5;234m▄▄\x1b[48;5;234m \x1b[38;5;236;48;5;236m▄\x1b[38;5;67;48;5;67m▄\x1b[49m                                    \x1b[m
\x1b[49m                                         \x1b[38;5;167;48;5;167m▄▄\x1b[38;5;234;48;5;234m▄▄▄▄\x1b[38;5;237;48;5;60m▄\x1b[38;5;235;49m▄\x1b[38;5;238;49m▄\x1b[49m      \x1b[38;5;168;49m▄\x1b[38;5;167;48;5;167m▄\x1b[38;5;131;48;5;203m▄\x1b[38;5;95;48;5;167m▄\x1b[38;5;234;48;5;235m▄\x1b[38;5;234;48;5;234m▄▄▄▄\x1b[38;5;236;48;5;60m▄\x1b[38;5;234;49m▄\x1b[38;5;237;49m▄\x1b[49m      \x1b[38;5;131;49m▄\x1b[38;5;167;48;5;168m▄\x1b[38;5;167;48;5;167m▄\x1b[38;5;95;48;5;167m▄\x1b[38;5;235;48;5;237m▄\x1b[38;5;234;48;5;234m▄▄▄\x1b[38;5;236;48;5;236m▄\x1b[38;5;67;48;5;67m▄\x1b[49m                                    \x1b[m
\x1b[49m                                         \x1b[38;5;167;48;5;167m▄\x1b[48;5;167m \x1b[38;5;234;48;5;234m▄▄▄▄▄▄\x1b[38;5;235;48;5;95m▄\x1b[38;5;233;49m▄\x1b[38;5;234;49m▄\x1b[49m  \x1b[38;5;167;48;5;168m▄\x1b[38;5;167;48;5;167m▄\x1b[38;5;234;48;5;173m▄\x1b[38;5;235;48;5;167m▄\x1b[38;5;235;48;5;95m▄\x1b[38;5;234;48;5;233m▄\x1b[38;5;234;48;5;234m▄▄▄▄▄▄▄\x1b[38;5;235;48;5;95m▄\x1b[38;5;233;49m▄\x1b[38;5;234;49m▄\x1b[49m  \x1b[38;5;167;48;5;137m▄\x1b[38;5;167;48;5;167m▄\x1b[38;5;52;48;5;167m▄\x1b[38;5;235;48;5;167m▄\x1b[38;5;235;48;5;131m▄\x1b[38;5;234;48;5;234m▄▄▄▄▄\x1b[38;5;235;48;5;236m▄\x1b[38;5;67;48;5;67m▄\x1b[49m                                    \x1b[m
\x1b[49m                                         \x1b[38;5;167;48;5;167m▄▄\x1b[38;5;234;48;5;234m▄▄▄▄▄▄▄▄\x1b[38;5;234;48;5;236m▄\x1b[38;5;234;48;5;131m▄\x1b[38;5;234;48;5;167m▄\x1b[38;5;235;48;5;167m▄\x1b[38;5;235;48;5;131m▄\x1b[38;5;234;48;5;234m▄▄▄▄▄▄▄▄▄▄▄▄▄\x1b[38;5;235;48;5;235m▄\x1b[38;5;234;48;5;131m▄\x1b[38;5;235;48;5;131m▄\x1b[38;5;235;48;5;167m▄\x1b[38;5;235;48;5;131m▄\x1b[38;5;234;48;5;233m▄\x1b[38;5;234;48;5;234m▄▄▄▄▄▄▄\x1b[38;5;235;48;5;235m▄\x1b[38;5;95;48;5;132m▄\x1b[38;5;95;48;5;167m▄▄▄\x1b[38;5;238;48;5;174m▄\x1b[38;5;233;49m▄\x1b[38;5;238;49m▄\x1b[49m                              \x1b[m
\x1b[49m                                         \x1b[38;5;168;48;5;167m▄\x1b[38;5;95;48;5;167m▄\x1b[38;5;234;48;5;234m▄▄▄▄▄▄▄▄▄▄▄▄▄▄▄▄▄\x1b[38;5;236;48;5;234m▄\x1b[38;5;24;48;5;234m▄▄▄\x1b[38;5;239;48;5;234m▄\x1b[38;5;234;48;5;234m▄▄▄▄▄▄▄▄▄▄▄▄▄▄▄▄▄▄▄▄▄▄\x1b[38;5;234;48;5;233m▄▄\x1b[38;5;60;48;5;237m▄\x1b[49m                              \x1b[m
\x1b[49m                                          \x1b[49;38;5;238m▀\x1b[38;5;68;48;5;60m▄\x1b[38;5;103;48;5;239m▄\x1b[38;5;174;48;5;95m▄\x1b[38;5;235;48;5;235m▄\x1b[38;5;234;48;5;234m▄▄▄▄▄▄▄▄\x1b[48;5;234m \x1b[38;5;234;48;5;234m▄▄\x1b[38;5;235;48;5;235m▄\x1b[38;5;67;48;5;24m▄\x1b[38;5;74;48;5;25m▄\x1b[38;5;74;48;5;32m▄\x1b[49;38;5;32m▀▀\x1b[38;5;174;48;5;67m▄\x1b[38;5;167;48;5;95m▄\x1b[38;5;131;48;5;95m▄\x1b[38;5;234;48;5;235m▄\x1b[38;5;234;48;5;234m▄▄\x1b[48;5;234m    \x1b[38;5;234;48;5;234m▄▄▄▄▄\x1b[38;5;25;48;5;23m▄\x1b[38;5;68;48;5;24m▄▄▄▄▄▄▄▄▄\x1b[38;5;67;48;5;67m▄\x1b[49m                              \x1b[m
\x1b[49m                                              \x1b[38;5;74;48;5;238m▄\x1b[38;5;68;48;5;23m▄\x1b[38;5;67;48;5;23m▄▄\x1b[38;5;132;48;5;238m▄\x1b[38;5;167;48;5;237m▄\x1b[38;5;233;48;5;234m▄\x1b[38;5;234;48;5;234m▄▄\x1b[48;5;234m \x1b[38;5;234;48;5;234m▄▄\x1b[38;5;235;48;5;235m▄\x1b[38;5;132;48;5;60m▄\x1b[38;5;167;48;5;174m▄▄\x1b[38;5;236;48;5;95m▄\x1b[38;5;238;49m▄\x1b[38;5;167;48;5;174m▄\x1b[38;5;203;48;5;167m▄\x1b[38;5;131;48;5;131m▄\x1b[38;5;234;48;5;234m▄▄▄\x1b[48;5;234m \x1b[38;5;234;48;5;234m▄▄▄▄▄\x1b[38;5;236;48;5;235m▄\x1b[38;5;67;48;5;23m▄\x1b[38;5;68;48;5;24m▄\x1b[38;5;68;48;5;67m▄\x1b[49m                                        \x1b[m
\x1b[49m                                             \x1b[38;5;217;49m▄\x1b[38;5;167;48;5;173m▄\x1b[38;5;131;48;5;174m▄\x1b[38;5;234;49m▄\x1b[38;5;239;49m▄\x1b[38;5;167;48;5;167m▄▄\x1b[38;5;234;48;5;233m▄\x1b[38;5;234;48;5;234m▄▄\x1b[48;5;234m \x1b[38;5;234;48;5;234m▄▄▄\x1b[38;5;234;48;5;95m▄\x1b[38;5;234;48;5;131m▄\x1b[38;5;234;48;5;234m▄▄\x1b[38;5;234;48;5;233m▄\x1b[38;5;234;48;5;237m▄\x1b[38;5;234;48;5;131m▄\x1b[38;5;234;48;5;236m▄\x1b[38;5;234;48;5;234m▄▄▄▄▄▄\x1b[38;5;23;48;5;235m▄\x1b[38;5;68;48;5;236m▄\x1b[38;5;68;48;5;237m▄\x1b[38;5;68;48;5;23m▄\x1b[38;5;74;48;5;67m▄\x1b[49m                                          \x1b[m
\x1b[49m                                           \x1b[38;5;137;48;5;138m▄\x1b[38;5;167;48;5;167m▄\x1b[38;5;236;48;5;167m▄\x1b[38;5;235;48;5;167m▄\x1b[38;5;234;48;5;236m▄\x1b[38;5;234;48;5;233m▄\x1b[38;5;60;48;5;237m▄\x1b[38;5;168;48;5;167m▄\x1b[38;5;167;48;5;167m▄\x1b[38;5;233;48;5;233m▄\x1b[38;5;234;48;5;234m▄▄\x1b[48;5;234m \x1b[38;5;234;48;5;234m▄▄▄▄▄▄▄▄▄▄▄▄▄▄▄▄▄\x1b[38;5;238;48;5;23m▄\x1b[38;5;110;48;5;110m▄\x1b[49m                                             \x1b[m
\x1b[49m                                             \x1b[38;5;110;48;5;234m▄\x1b[38;5;67;48;5;236m▄\x1b[38;5;32;48;5;236m▄▄\x1b[38;5;68;48;5;61m▄\x1b[38;5;167;48;5;167m▄▄\x1b[38;5;233;48;5;233m▄\x1b[38;5;234;48;5;234m▄▄▄\x1b[38;5;235;48;5;234m▄\x1b[38;5;95;48;5;234m▄\x1b[38;5;238;48;5;234m▄\x1b[38;5;234;48;5;234m▄\x1b[38;5;238;48;5;234m▄\x1b[38;5;95;48;5;234m▄\x1b[38;5;234;48;5;234m▄\x1b[38;5;236;48;5;234m▄\x1b[38;5;95;48;5;234m▄\x1b[38;5;235;48;5;234m▄▄\x1b[38;5;238;48;5;234m▄\x1b[38;5;236;48;5;234m▄\x1b[38;5;234;48;5;234m▄▄▄▄\x1b[38;5;23;48;5;23m▄\x1b[38;5;110;48;5;110m▄\x1b[49m                                             \x1b[m
\x1b[49m                                                   \x1b[49;38;5;181m▀\x1b[38;5;60;48;5;234m▄\x1b[38;5;67;48;5;235m▄▄\x1b[38;5;31;48;5;235m▄\x1b[38;5;68;48;5;236m▄\x1b[38;5;68;48;5;67m▄\x1b[38;5;66;48;5;239m▄\x1b[38;5;67;48;5;234m▄\x1b[38;5;68;48;5;60m▄\x1b[38;5;103;48;5;67m▄\x1b[38;5;67;48;5;233m▄\x1b[38;5;67;48;5;238m▄\x1b[38;5;67;48;5;67m▄\x1b[38;5;60;48;5;235m▄\x1b[38;5;67;48;5;235m▄\x1b[38;5;67;48;5;61m▄\x1b[49;38;5;240m▀\x1b[38;5;61;48;5;235m▄\x1b[38;5;67;48;5;235m▄▄\x1b[38;5;32;48;5;235m▄\x1b[38;5;31;48;5;24m▄\x1b[38;5;74;48;5;110m▄\x1b[49m                                             \x1b[m
\x1b[49m                                                  \x1b[38;5;167;48;5;174m▄\x1b[38;5;167;48;5;167m▄\x1b[38;5;235;48;5;132m▄▄\x1b[38;5;235;48;5;246m▄\x1b[38;5;234;48;5;103m▄▄\x1b[38;5;167;48;5;132m▄\x1b[38;5;131;48;5;131m▄\x1b[38;5;233;48;5;103m▄\x1b[38;5;131;48;5;246m▄\x1b[38;5;167;48;5;167m▄\x1b[38;5;233;48;5;248m▄\x1b[38;5;236;48;5;103m▄\x1b[38;5;167;48;5;131m▄\x1b[38;5;236;48;5;138m▄\x1b[38;5;234;48;5;103m▄\x1b[38;5;167;48;5;132m▄\x1b[38;5;167;48;5;167m▄\x1b[38;5;234;48;5;132m▄\x1b[38;5;235;48;5;246m▄\x1b[38;5;235;48;5;245m▄\x1b[38;5;233;48;5;73m▄\x1b[38;5;235;48;5;74m▄\x1b[49m                                              \x1b[m
\x1b[49m                                                  \x1b[38;5;167;48;5;167m▄▄\x1b[38;5;233;48;5;233m▄\x1b[38;5;234;48;5;234m▄▄▄\x1b[38;5;234;48;5;235m▄\x1b[38;5;234;48;5;95m▄\x1b[38;5;234;48;5;238m▄\x1b[38;5;234;48;5;234m▄\x1b[38;5;234;48;5;238m▄\x1b[38;5;234;48;5;131m▄\x1b[38;5;234;48;5;234m▄\x1b[38;5;234;48;5;235m▄\x1b[38;5;234;48;5;131m▄\x1b[38;5;234;48;5;235m▄▄\x1b[38;5;234;48;5;95m▄▄\x1b[38;5;234;48;5;234m▄▄▄▄\x1b[38;5;23;48;5;237m▄\x1b[38;5;67;48;5;109m▄\x1b[49m                                             \x1b[m
\x1b[49m                                                  \x1b[38;5;174;48;5;167m▄\x1b[38;5;167;48;5;167m▄\x1b[38;5;234;48;5;233m▄\x1b[38;5;234;48;5;234m▄▄▄▄▄\x1b[48;5;234m  \x1b[38;5;234;48;5;234m▄\x1b[48;5;234m \x1b[38;5;234;48;5;234m▄\x1b[48;5;234m \x1b[38;5;234;48;5;234m▄▄▄▄▄▄\x1b[38;5;235;48;5;235m▄\x1b[38;5;24;48;5;235m▄\x1b[38;5;68;48;5;235m▄\x1b[38;5;67;48;5;24m▄\x1b[38;5;103;48;5;67m▄\x1b[49m                                             \x1b[m
\x1b[49m                                                    \x1b[38;5;138;48;5;237m▄\x1b[38;5;132;48;5;236m▄\x1b[38;5;95;48;5;236m▄\x1b[38;5;234;48;5;234m▄▄▄▄▄▄▄▄▄▄▄▄▄▄▄\x1b[38;5;235;48;5;235m▄\x1b[38;5;60;48;5;60m▄\x1b[38;5;167;48;5;167m▄\x1b[38;5;131;48;5;167m▄\x1b[38;5;234;48;5;131m▄▄▄\x1b[38;5;234;48;5;95m▄\x1b[38;5;234;48;5;235m▄\x1b[38;5;237;48;5;239m▄\x1b[38;5;167;48;5;167m▄▄\x1b[38;5;233;48;5;95m▄\x1b[38;5;234;48;5;237m▄\x1b[38;5;235;48;5;59m▄\x1b[49m                                   \x1b[m
\x1b[49m                                                      \x1b[49;38;5;236m▀\x1b[38;5;68;48;5;236m▄▄▄\x1b[38;5;68;48;5;237m▄\x1b[38;5;68;48;5;236m▄▄▄▄▄▄\x1b[38;5;68;48;5;237m▄▄▄▄\x1b[38;5;68;48;5;236m▄\x1b[38;5;68;48;5;23m▄\x1b[38;5;68;48;5;67m▄\x1b[49m \x1b[49;38;5;145m▀\x1b[38;5;67;48;5;234m▄\x1b[38;5;31;48;5;235m▄\x1b[38;5;32;48;5;235m▄\x1b[38;5;31;48;5;235m▄▄\x1b[38;5;32;48;5;24m▄\x1b[38;5;110;48;5;152m▄\x1b[49m \x1b[38;5;60;48;5;233m▄\x1b[38;5;31;48;5;235m▄\x1b[38;5;67;48;5;24m▄\x1b[38;5;67;48;5;67m▄\x1b[49m                                  \x1b[m
\x1b[49m                                                                           \x1b[49;38;5;110m▀▀▀▀▀\x1b[49m  \x1b[49;38;5;110m▀▀▀\x1b[49m                                   \x1b[m
\x1b[49m                                                                                                                        \x1b[m
\x1b[49m                                                                                                                        \x1b[m
\x1b[49m                               \x1b[38;5;174;49m▄\x1b[38;5;167;49m▄▄▄▄▄▄▄▄▄▄▄\x1b[38;5;174;49m▄\x1b[38;5;254;49m▄\x1b[49m      \x1b[38;5;174;49m▄\x1b[38;5;167;49m▄▄▄▄▄▄\x1b[38;5;131;49m▄\x1b[38;5;253;49m▄\x1b[49m      \x1b[38;5;181;49m▄\x1b[38;5;167;49m▄▄▄▄\x1b[38;5;131;49m▄\x1b[49m      \x1b[38;5;168;49m▄\x1b[38;5;167;49m▄▄▄▄\x1b[38;5;174;49m▄\x1b[49m \x1b[38;5;131;49m▄\x1b[38;5;167;49m▄\x1b[38;5;137;49m▄\x1b[49m \x1b[38;5;138;49m▄\x1b[38;5;167;49m▄▄▄▄▄▄▄▄▄▄▄\x1b[38;5;131;49m▄\x1b[38;5;167;49m▄\x1b[38;5;174;49m▄\x1b[38;5;254;49m▄\x1b[49m               \x1b[m
\x1b[49m          \x1b[38;5;138;49m▄\x1b[38;5;174;49m▄▄\x1b[38;5;138;49m▄▄▄\x1b[38;5;174;49m▄▄▄▄▄▄▄▄▄▄▄▄\x1b[38;5;138;49m▄\x1b[38;5;174;49m▄▄\x1b[38;5;174;48;5;168m▄\x1b[38;5;131;48;5;131m▄\x1b[38;5;234;48;5;233m▄▄▄▄▄▄▄▄▄▄▄\x1b[38;5;235;48;5;235m▄\x1b[38;5;67;48;5;67m▄\x1b[49m   \x1b[38;5;138;49m▄\x1b[38;5;131;49m▄\x1b[38;5;174;48;5;174m▄\x1b[38;5;131;48;5;131m▄\x1b[38;5;235;48;5;233m▄\x1b[38;5;234;48;5;233m▄▄▄▄▄\x1b[38;5;236;48;5;235m▄\x1b[38;5;67;48;5;67m▄\x1b[38;5;103;49m▄\x1b[49m    \x1b[38;5;181;48;5;181m▄\x1b[38;5;167;48;5;167m▄\x1b[38;5;235;48;5;52m▄\x1b[38;5;234;48;5;233m▄▄▄\x1b[38;5;235;48;5;234m▄\x1b[38;5;60;48;5;60m▄\x1b[38;5;110;48;5;152m▄\x1b[49m \x1b[38;5;167;49m▄▄\x1b[38;5;167;48;5;174m▄\x1b[38;5;95;48;5;131m▄\x1b[38;5;234;48;5;233m▄▄▄\x1b[38;5;234;48;5;234m▄\x1b[38;5;23;48;5;238m▄\x1b[38;5;67;48;5;132m▄\x1b[38;5;235;48;5;236m▄\x1b[38;5;234;48;5;233m▄\x1b[38;5;235;48;5;234m▄\x1b[38;5;67;48;5;243m▄\x1b[38;5;95;48;5;131m▄\x1b[38;5;234;48;5;233m▄▄▄▄▄▄▄▄▄▄▄▄▄\x1b[38;5;236;48;5;235m▄\x1b[38;5;68;48;5;67m▄\x1b[49m              \x1b[m
\x1b[49m          \x1b[38;5;174;48;5;174m▄\x1b[38;5;236;48;5;131m▄\x1b[38;5;234;48;5;237m▄\x1b[38;5;234;48;5;238m▄\x1b[38;5;234;48;5;237m▄\x1b[38;5;234;48;5;238m▄▄▄▄▄▄\x1b[38;5;234;48;5;237m▄▄▄\x1b[38;5;234;48;5;238m▄▄▄\x1b[38;5;234;48;5;237m▄▄\x1b[38;5;234;48;5;95m▄\x1b[38;5;234;48;5;237m▄\x1b[38;5;234;48;5;238m▄\x1b[38;5;234;48;5;237m▄\x1b[38;5;234;48;5;234m▄▄▄\x1b[38;5;67;48;5;23m▄\x1b[38;5;67;48;5;236m▄\x1b[49;38;5;235m▀\x1b[49;38;5;236m▀▀▀\x1b[49;38;5;235m▀▀\x1b[49;38;5;237m▀\x1b[49;38;5;67m▀\x1b[49m \x1b[38;5;217;49m▄\x1b[49m \x1b[38;5;167;48;5;167m▄\x1b[38;5;95;48;5;131m▄\x1b[38;5;234;48;5;236m▄▄\x1b[38;5;234;48;5;234m▄▄\x1b[38;5;67;48;5;24m▄\x1b[38;5;247;48;5;239m▄\x1b[38;5;237;48;5;238m▄\x1b[38;5;234;48;5;234m▄▄\x1b[38;5;234;48;5;235m▄▄\x1b[38;5;24;48;5;60m▄\x1b[38;5;68;48;5;74m▄\x1b[49m  \x1b[48;5;181m \x1b[38;5;167;48;5;167m▄\x1b[38;5;236;48;5;235m▄\x1b[38;5;234;48;5;234m▄▄▄▄▄\x1b[38;5;234;48;5;233m▄\x1b[38;5;60;48;5;60m▄\x1b[38;5;103;48;5;132m▄\x1b[38;5;236;48;5;235m▄\x1b[38;5;234;48;5;233m▄\x1b[38;5;234;48;5;234m▄▄▄▄▄\x1b[38;5;23;48;5;23m▄\x1b[38;5;68;48;5;68m▄\x1b[38;5;167;48;5;238m▄▄\x1b[38;5;233;48;5;234m▄\x1b[38;5;234;48;5;238m▄\x1b[38;5;234;48;5;237m▄\x1b[38;5;234;48;5;234m▄\x1b[38;5;236;48;5;235m▄\x1b[38;5;67;48;5;23m▄\x1b[49;38;5;235m▀\x1b[49;38;5;234m▀▀▀▀▀▀▀▀▀\x1b[49;38;5;235m▀\x1b[49;38;5;67m▀\x1b[49m              \x1b[m
\x1b[49m           \x1b[49;38;5;237m▀\x1b[38;5;239;48;5;233m▄\x1b[38;5;237;48;5;234m▄\x1b[38;5;236;48;5;234m▄▄▄▄▄\x1b[38;5;236;48;5;233m▄\x1b[38;5;236;48;5;234m▄▄\x1b[38;5;237;48;5;234m▄\x1b[38;5;236;48;5;234m▄▄▄\x1b[38;5;95;48;5;234m▄\x1b[38;5;95;48;5;235m▄\x1b[38;5;234;48;5;234m▄▄▄▄▄\x1b[38;5;24;48;5;235m▄\x1b[38;5;60;48;5;234m▄\x1b[38;5;236;48;5;233m▄\x1b[38;5;73;48;5;67m▄\x1b[49;38;5;67m▀\x1b[49m         \x1b[38;5;167;48;5;167m▄\x1b[38;5;236;48;5;131m▄\x1b[38;5;234;48;5;131m▄\x1b[38;5;234;48;5;238m▄\x1b[38;5;234;48;5;234m▄\x1b[38;5;235;48;5;234m▄\x1b[38;5;61;48;5;236m▄\x1b[38;5;110;48;5;235m▄\x1b[38;5;104;48;5;25m▄\x1b[49;38;5;110m▀\x1b[49;38;5;239m▀\x1b[38;5;174;48;5;236m▄\x1b[38;5;95;48;5;236m▄\x1b[38;5;234;48;5;234m▄▄\x1b[38;5;234;48;5;238m▄▄\x1b[38;5;23;48;5;240m▄\x1b[38;5;68;48;5;67m▄\x1b[38;5;181;48;5;217m▄\x1b[38;5;167;48;5;167m▄\x1b[38;5;235;48;5;236m▄\x1b[38;5;234;48;5;234m▄▄▄▄\x1b[48;5;234m \x1b[38;5;234;48;5;234m▄\x1b[38;5;234;48;5;237m▄\x1b[38;5;234;48;5;239m▄\x1b[38;5;234;48;5;235m▄\x1b[38;5;234;48;5;234m▄▄▄\x1b[48;5;234m \x1b[38;5;234;48;5;234m▄\x1b[48;5;234m \x1b[38;5;23;48;5;23m▄\x1b[38;5;68;48;5;68m▄\x1b[38;5;167;48;5;167m▄▄\x1b[38;5;233;48;5;233m▄\x1b[38;5;234;48;5;234m▄\x1b[48;5;234m \x1b[38;5;234;48;5;234m▄\x1b[38;5;236;48;5;235m▄\x1b[38;5;67;48;5;67m▄\x1b[49m                          \x1b[m
\x1b[49m                          \x1b[38;5;168;48;5;167m▄\x1b[38;5;131;48;5;131m▄\x1b[38;5;233;48;5;233m▄\x1b[38;5;234;48;5;234m▄▄▄▄\x1b[38;5;25;48;5;25m▄\x1b[38;5;67;48;5;67m▄\x1b[49m \x1b[38;5;168;48;5;174m▄\x1b[38;5;131;48;5;174m▄\x1b[38;5;234;48;5;138m▄\x1b[38;5;235;48;5;137m▄\x1b[38;5;235;48;5;131m▄▄▄\x1b[38;5;235;48;5;138m▄\x1b[38;5;235;48;5;102m▄\x1b[38;5;67;49m▄\x1b[49m \x1b[38;5;167;48;5;167m▄\x1b[38;5;236;48;5;236m▄\x1b[38;5;234;48;5;234m▄▄▄\x1b[38;5;235;48;5;235m▄\x1b[38;5;61;48;5;31m▄\x1b[38;5;110;48;5;110m▄\x1b[49m   \x1b[38;5;167;48;5;167m▄\x1b[38;5;131;48;5;131m▄\x1b[38;5;234;48;5;233m▄\x1b[38;5;234;48;5;234m▄▄▄\x1b[38;5;23;48;5;23m▄\x1b[48;5;68m \x1b[38;5;181;48;5;174m▄\x1b[38;5;167;48;5;167m▄\x1b[48;5;236m \x1b[38;5;234;48;5;234m▄▄▄▄▄▄▄▄▄▄▄▄\x1b[48;5;234m  \x1b[38;5;234;48;5;234m▄\x1b[38;5;23;48;5;23m▄\x1b[38;5;68;48;5;68m▄\x1b[38;5;167;48;5;167m▄▄\x1b[38;5;233;48;5;233m▄\x1b[38;5;234;48;5;234m▄▄▄\x1b[38;5;234;48;5;235m▄\x1b[38;5;235;48;5;61m▄\x1b[38;5;234;48;5;95m▄\x1b[38;5;235;48;5;95m▄▄\x1b[38;5;236;48;5;239m▄\x1b[38;5;67;48;5;110m▄\x1b[38;5;110;49m▄\x1b[49m                    \x1b[m
\x1b[49m                          \x1b[38;5;167;48;5;167m▄\x1b[38;5;131;48;5;131m▄\x1b[38;5;233;48;5;234m▄\x1b[38;5;234;48;5;234m▄▄▄▄\x1b[38;5;25;48;5;25m▄\x1b[38;5;67;48;5;67m▄\x1b[49m \x1b[49;38;5;167m▀\x1b[38;5;239;48;5;131m▄\x1b[38;5;235;48;5;234m▄▄\x1b[38;5;234;48;5;234m▄▄▄▄\x1b[38;5;236;48;5;236m▄\x1b[38;5;68;48;5;67m▄\x1b[49m \x1b[38;5;167;48;5;167m▄\x1b[38;5;236;48;5;236m▄\x1b[38;5;234;48;5;234m▄▄▄\x1b[38;5;234;48;5;235m▄\x1b[38;5;235;48;5;60m▄\x1b[38;5;235;48;5;8m▄\x1b[38;5;234;48;5;131m▄\x1b[38;5;235;48;5;131m▄▄\x1b[38;5;234;48;5;131m▄\x1b[38;5;234;48;5;95m▄\x1b[38;5;234;48;5;234m▄▄▄▄\x1b[38;5;23;48;5;23m▄\x1b[38;5;68;48;5;68m▄\x1b[38;5;174;48;5;181m▄\x1b[38;5;167;48;5;167m▄\x1b[38;5;236;48;5;236m▄\x1b[38;5;234;48;5;234m▄▄▄▄\x1b[38;5;236;48;5;234m▄▄\x1b[38;5;234;48;5;234m▄▄▄\x1b[38;5;235;48;5;234m▄\x1b[38;5;236;48;5;234m▄\x1b[38;5;234;48;5;234m▄\x1b[48;5;234m \x1b[38;5;234;48;5;234m▄▄\x1b[38;5;23;48;5;23m▄\x1b[38;5;68;48;5;68m▄\x1b[38;5;167;48;5;167m▄▄\x1b[48;5;233m \x1b[48;5;234m \x1b[38;5;234;48;5;234m▄▄\x1b[38;5;235;48;5;234m▄\x1b[38;5;237;48;5;234m▄\x1b[38;5;235;48;5;234m▄\x1b[38;5;234;48;5;234m▄\x1b[38;5;235;48;5;234m▄\x1b[38;5;237;48;5;236m▄\x1b[38;5;67;48;5;68m▄\x1b[49;38;5;110m▀\x1b[49m                    \x1b[m
\x1b[49m                          \x1b[49;38;5;167m▀\x1b[38;5;243;48;5;95m▄\x1b[38;5;237;48;5;233m▄\x1b[38;5;238;48;5;234m▄\x1b[38;5;237;48;5;234m▄\x1b[38;5;234;48;5;234m▄▄\x1b[38;5;238;48;5;25m▄\x1b[38;5;238;48;5;67m▄\x1b[38;5;236;49m▄\x1b[38;5;67;49m▄\x1b[49m \x1b[38;5;167;48;5;168m▄\x1b[38;5;131;48;5;131m▄\x1b[38;5;233;48;5;234m▄\x1b[38;5;234;48;5;234m▄▄▄\x1b[38;5;236;48;5;236m▄\x1b[38;5;68;48;5;68m▄\x1b[49m \x1b[38;5;167;48;5;167m▄\x1b[38;5;236;48;5;236m▄\x1b[38;5;234;48;5;234m▄▄▄▄\x1b[38;5;236;48;5;234m▄▄\x1b[38;5;235;48;5;234m▄▄\x1b[38;5;234;48;5;234m▄\x1b[38;5;235;48;5;234m▄\x1b[38;5;236;48;5;234m▄\x1b[38;5;234;48;5;234m▄▄▄▄\x1b[38;5;23;48;5;23m▄\x1b[38;5;74;48;5;68m▄\x1b[38;5;181;48;5;174m▄\x1b[38;5;167;48;5;167m▄\x1b[38;5;236;48;5;236m▄\x1b[38;5;234;48;5;234m▄▄▄\x1b[38;5;235;48;5;235m▄\x1b[38;5;67;48;5;61m▄\x1b[38;5;103;48;5;96m▄\x1b[38;5;235;48;5;234m▄▄\x1b[38;5;237;48;5;236m▄\x1b[38;5;246;48;5;246m▄\x1b[38;5;95;48;5;238m▄\x1b[38;5;234;48;5;234m▄▄▄▄\x1b[38;5;23;48;5;23m▄\x1b[38;5;68;48;5;68m▄\x1b[38;5;167;48;5;167m▄▄\x1b[38;5;233;48;5;233m▄\x1b[38;5;234;48;5;234m▄▄▄\x1b[38;5;235;48;5;235m▄\x1b[38;5;32;48;5;67m▄\x1b[49m                          \x1b[m
\x1b[49m                          \x1b[38;5;138;49m▄\x1b[38;5;131;49m▄\x1b[38;5;138;49m▄\x1b[38;5;174;48;5;168m▄\x1b[38;5;238;48;5;95m▄\x1b[38;5;233;48;5;234m▄\x1b[38;5;234;48;5;234m▄▄▄\x1b[38;5;234;48;5;233m▄\x1b[38;5;67;48;5;67m▄\x1b[38;5;138;48;5;67m▄\x1b[38;5;174;48;5;167m▄\x1b[38;5;131;48;5;131m▄\x1b[38;5;233;48;5;233m▄\x1b[38;5;234;48;5;234m▄▄▄\x1b[38;5;235;48;5;236m▄\x1b[38;5;68;48;5;68m▄\x1b[49m \x1b[38;5;167;48;5;167m▄\x1b[38;5;236;48;5;236m▄\x1b[38;5;234;48;5;234m▄▄▄▄\x1b[38;5;31;48;5;67m▄\x1b[38;5;110;48;5;110m▄\x1b[49m   \x1b[38;5;167;48;5;167m▄\x1b[38;5;131;48;5;95m▄\x1b[38;5;234;48;5;233m▄\x1b[38;5;234;48;5;234m▄▄▄\x1b[38;5;23;48;5;23m▄\x1b[38;5;68;48;5;68m▄\x1b[48;5;174m \x1b[38;5;167;48;5;167m▄\x1b[38;5;236;48;5;236m▄\x1b[38;5;234;48;5;234m▄▄▄\x1b[38;5;235;48;5;235m▄\x1b[38;5;31;48;5;31m▄\x1b[38;5;153;48;5;153m▄\x1b[49m   \x1b[38;5;173;48;5;174m▄\x1b[38;5;95;48;5;131m▄\x1b[38;5;234;48;5;234m▄▄▄▄\x1b[38;5;23;48;5;23m▄\x1b[38;5;68;48;5;68m▄\x1b[38;5;167;48;5;167m▄▄\x1b[38;5;233;48;5;233m▄\x1b[38;5;234;48;5;234m▄▄▄\x1b[38;5;235;48;5;235m▄\x1b[38;5;67;48;5;67m▄\x1b[38;5;132;49m▄\x1b[38;5;167;49m▄▄▄▄▄▄▄▄\x1b[38;5;138;49m▄\x1b[49m                \x1b[m
\x1b[49m                          \x1b[38;5;168;48;5;167m▄\x1b[38;5;234;48;5;237m▄\x1b[38;5;234;48;5;236m▄\x1b[38;5;24;48;5;60m▄\x1b[38;5;68;48;5;103m▄\x1b[38;5;138;48;5;242m▄\x1b[38;5;95;48;5;239m▄\x1b[38;5;234;48;5;235m▄\x1b[38;5;234;48;5;234m▄▄\x1b[38;5;234;48;5;236m▄\x1b[38;5;234;48;5;235m▄▄▄\x1b[38;5;234;48;5;234m▄▄▄▄\x1b[38;5;236;48;5;236m▄\x1b[38;5;68;48;5;67m▄\x1b[49m \x1b[38;5;167;48;5;167m▄\x1b[38;5;234;48;5;236m▄\x1b[38;5;233;48;5;234m▄\x1b[38;5;234;48;5;234m▄▄\x1b[38;5;234;48;5;235m▄\x1b[38;5;25;48;5;31m▄\x1b[38;5;110;48;5;111m▄\x1b[49m   \x1b[38;5;131;48;5;167m▄\x1b[38;5;237;48;5;95m▄\x1b[38;5;233;48;5;234m▄▄▄▄\x1b[38;5;23;48;5;23m▄\x1b[38;5;67;48;5;68m▄\x1b[49;38;5;217m▀\x1b[38;5;131;48;5;167m▄\x1b[38;5;235;48;5;236m▄\x1b[38;5;234;48;5;234m▄▄▄\x1b[38;5;235;48;5;235m▄\x1b[38;5;67;48;5;25m▄\x1b[38;5;153;48;5;153m▄\x1b[49m   \x1b[38;5;174;48;5;173m▄\x1b[38;5;238;48;5;95m▄\x1b[38;5;233;48;5;234m▄\x1b[38;5;234;48;5;234m▄▄▄\x1b[38;5;23;48;5;23m▄\x1b[38;5;68;48;5;68m▄\x1b[38;5;174;48;5;167m▄\x1b[38;5;167;48;5;167m▄\x1b[38;5;233;48;5;233m▄\x1b[38;5;234;48;5;234m▄▄▄▄▄▄\x1b[38;5;234;48;5;233m▄▄▄▄▄▄▄▄\x1b[38;5;234;48;5;234m▄\x1b[38;5;235;48;5;235m▄\x1b[38;5;67;48;5;67m▄\x1b[49m              \x1b[m
\x1b[49m                           \x1b[49;38;5;234m▀\x1b[49;38;5;233m▀\x1b[49;38;5;24m▀\x1b[49;38;5;68m▀\x1b[49m \x1b[49;38;5;239m▀\x1b[49;38;5;236m▀\x1b[49;38;5;234m▀\x1b[49;38;5;235m▀▀▀\x1b[49;38;5;234m▀\x1b[49;38;5;235m▀▀▀▀▀\x1b[49;38;5;237m▀\x1b[49;38;5;67m▀\x1b[49m  \x1b[49;38;5;238m▀\x1b[49;38;5;236m▀\x1b[49;38;5;234m▀▀\x1b[49;38;5;235m▀\x1b[49;38;5;67m▀\x1b[49;38;5;152m▀\x1b[49m     \x1b[49;38;5;248m▀\x1b[49;38;5;66m▀▀▀\x1b[49;38;5;67m▀\x1b[49;38;5;110m▀\x1b[49m  \x1b[49;38;5;236m▀\x1b[49;38;5;235m▀\x1b[49;38;5;236m▀▀\x1b[49;38;5;237m▀\x1b[49;38;5;67m▀\x1b[49m     \x1b[49;38;5;238m▀\x1b[49;38;5;234m▀\x1b[49;38;5;236m▀▀▀\x1b[49;38;5;24m▀\x1b[49;38;5;68m▀\x1b[49m  \x1b[49;38;5;234m▀▀▀▀▀▀▀▀▀▀▀\x1b[49;38;5;233m▀▀\x1b[49;38;5;234m▀▀▀\x1b[49;38;5;235m▀\x1b[49;38;5;67m▀\x1b[49m              \x1b[m
\x1b[49m                                                                                                                        \x1b[m
\x1b[49m                             \x1b[38;5;168;49m▄\x1b[38;5;167;49m▄▄▄▄▄▄▄▄▄▄▄\x1b[38;5;174;49m▄\x1b[49m  \x1b[38;5;174;49m▄\x1b[38;5;167;49m▄▄▄▄▄▄\x1b[38;5;131;49m▄\x1b[38;5;224;49m▄\x1b[49m     \x1b[38;5;168;49m▄\x1b[38;5;167;49m▄▄▄▄\x1b[38;5;174;49m▄\x1b[49m  \x1b[38;5;174;49m▄\x1b[38;5;131;49m▄\x1b[38;5;167;49m▄▄▄▄▄▄▄▄▄▄▄▄▄▄▄\x1b[38;5;131;49m▄\x1b[38;5;224;49m▄\x1b[49m \x1b[38;5;174;49m▄\x1b[38;5;167;49m▄▄▄▄▄▄▄▄▄▄▄▄▄\x1b[38;5;131;49m▄\x1b[38;5;174;49m▄\x1b[49m                  \x1b[m
\x1b[49m                           \x1b[38;5;174;49m▄▄\x1b[38;5;167;48;5;167m▄\x1b[38;5;131;48;5;131m▄\x1b[38;5;234;48;5;233m▄▄▄▄▄▄▄▄▄▄\x1b[38;5;234;48;5;234m▄\x1b[38;5;23;48;5;237m▄\x1b[38;5;68;48;5;74m▄\x1b[49;38;5;174m▀\x1b[49;38;5;132m▀\x1b[38;5;236;48;5;233m▄\x1b[38;5;95;48;5;234m▄\x1b[38;5;236;48;5;233m▄\x1b[38;5;234;48;5;233m▄▄▄\x1b[38;5;235;48;5;234m▄\x1b[38;5;31;48;5;61m▄\x1b[38;5;110;48;5;110m▄\x1b[49m   \x1b[38;5;167;48;5;168m▄\x1b[38;5;95;48;5;131m▄\x1b[38;5;234;48;5;233m▄▄▄▄\x1b[38;5;23;48;5;237m▄\x1b[38;5;68;48;5;74m▄\x1b[38;5;174;48;5;174m▄\x1b[38;5;167;48;5;167m▄\x1b[38;5;235;48;5;234m▄\x1b[38;5;234;48;5;233m▄▄▄▄▄▄▄▄▄▄▄▄▄▄▄\x1b[38;5;235;48;5;234m▄\x1b[38;5;31;48;5;67m▄\x1b[38;5;181;48;5;181m▄\x1b[38;5;167;48;5;167m▄\x1b[38;5;233;48;5;233m▄\x1b[38;5;234;48;5;233m▄▄▄▄▄▄▄▄▄▄▄▄▄\x1b[38;5;67;48;5;60m▄\x1b[38;5;68;48;5;68m▄\x1b[49m                \x1b[m
\x1b[49m                           \x1b[38;5;167;48;5;167m▄\x1b[38;5;236;48;5;131m▄\x1b[38;5;234;48;5;95m▄\x1b[38;5;234;48;5;237m▄\x1b[38;5;234;48;5;234m▄▄\x1b[38;5;24;48;5;236m▄\x1b[38;5;68;48;5;236m▄\x1b[49;38;5;234m▀▀▀\x1b[38;5;167;48;5;235m▄\x1b[38;5;131;48;5;235m▄\x1b[38;5;234;48;5;234m▄▄\x1b[38;5;234;48;5;236m▄\x1b[38;5;234;48;5;239m▄\x1b[38;5;235;48;5;238m▄\x1b[38;5;67;48;5;67m▄\x1b[49m \x1b[38;5;167;48;5;167m▄\x1b[38;5;236;48;5;236m▄\x1b[38;5;234;48;5;234m▄▄▄\x1b[38;5;235;48;5;234m▄\x1b[38;5;31;48;5;31m▄\x1b[38;5;110;48;5;110m▄\x1b[49m \x1b[38;5;167;48;5;174m▄\x1b[38;5;236;48;5;131m▄\x1b[38;5;234;48;5;131m▄\x1b[38;5;236;48;5;238m▄\x1b[38;5;60;48;5;234m▄\x1b[38;5;235;48;5;234m▄\x1b[38;5;234;48;5;234m▄▄\x1b[38;5;23;48;5;23m▄\x1b[38;5;68;48;5;68m▄\x1b[38;5;174;48;5;174m▄\x1b[38;5;167;48;5;167m▄\x1b[38;5;235;48;5;235m▄\x1b[38;5;234;48;5;234m▄▄▄\x1b[38;5;235;48;5;234m▄\x1b[38;5;61;48;5;237m▄\x1b[38;5;74;48;5;235m▄\x1b[49;38;5;234m▀\x1b[49;38;5;233m▀▀\x1b[49;38;5;234m▀▀▀▀▀▀\x1b[49;38;5;235m▀\x1b[49;38;5;60m▀\x1b[38;5;167;48;5;174m▄\x1b[38;5;167;48;5;167m▄\x1b[38;5;233;48;5;233m▄\x1b[38;5;234;48;5;234m▄▄▄\x1b[38;5;235;48;5;235m▄\x1b[38;5;68;48;5;23m▄\x1b[49;38;5;236m▀▀▀\x1b[49;38;5;237m▀\x1b[38;5;167;48;5;238m▄\x1b[38;5;235;48;5;235m▄\x1b[38;5;234;48;5;234m▄▄\x1b[38;5;234;48;5;237m▄\x1b[38;5;234;48;5;235m▄\x1b[38;5;23;48;5;23m▄\x1b[38;5;74;48;5;74m▄\x1b[49m              \x1b[m
\x1b[49m                           \x1b[38;5;167;48;5;167m▄\x1b[38;5;237;48;5;237m▄\x1b[38;5;234;48;5;234m▄▄▄▄\x1b[38;5;24;48;5;24m▄\x1b[38;5;68;48;5;68m▄\x1b[49m   \x1b[38;5;167;48;5;167m▄\x1b[38;5;131;48;5;131m▄\x1b[38;5;234;48;5;233m▄\x1b[38;5;234;48;5;234m▄▄▄\x1b[38;5;236;48;5;236m▄\x1b[38;5;68;48;5;67m▄\x1b[49m \x1b[38;5;167;48;5;167m▄\x1b[38;5;236;48;5;236m▄\x1b[38;5;234;48;5;234m▄▄▄\x1b[38;5;235;48;5;235m▄\x1b[38;5;31;48;5;31m▄\x1b[38;5;110;48;5;110m▄\x1b[49m \x1b[49;38;5;131m▀\x1b[38;5;237;48;5;234m▄\x1b[38;5;95;48;5;234m▄\x1b[38;5;239;48;5;236m▄\x1b[38;5;235;48;5;67m▄\x1b[38;5;234;48;5;235m▄\x1b[38;5;234;48;5;234m▄▄\x1b[38;5;23;48;5;23m▄\x1b[38;5;68;48;5;68m▄\x1b[38;5;174;48;5;174m▄\x1b[38;5;167;48;5;167m▄\x1b[38;5;235;48;5;235m▄\x1b[38;5;234;48;5;234m▄▄▄\x1b[38;5;235;48;5;234m▄\x1b[38;5;67;48;5;25m▄\x1b[38;5;74;48;5;74m▄\x1b[49m         \x1b[38;5;173;49m▄\x1b[38;5;131;48;5;138m▄\x1b[38;5;95;48;5;168m▄\x1b[38;5;59;48;5;167m▄\x1b[38;5;234;48;5;233m▄\x1b[38;5;236;48;5;234m▄\x1b[38;5;234;48;5;234m▄▄\x1b[38;5;235;48;5;235m▄\x1b[38;5;67;48;5;68m▄\x1b[49m    \x1b[38;5;167;48;5;167m▄\x1b[38;5;236;48;5;236m▄\x1b[38;5;234;48;5;234m▄▄▄▄\x1b[38;5;24;48;5;24m▄\x1b[38;5;68;48;5;68m▄\x1b[49m              \x1b[m
\x1b[49m                           \x1b[38;5;167;48;5;167m▄\x1b[48;5;237m \x1b[48;5;234m \x1b[38;5;234;48;5;234m▄▄\x1b[48;5;234m \x1b[48;5;24m \x1b[38;5;68;48;5;68m▄\x1b[49m   \x1b[38;5;167;48;5;167m▄\x1b[38;5;131;48;5;131m▄\x1b[48;5;234m  \x1b[38;5;234;48;5;234m▄▄\x1b[38;5;236;48;5;236m▄\x1b[38;5;68;48;5;68m▄\x1b[49m \x1b[38;5;167;48;5;167m▄\x1b[38;5;236;48;5;236m▄\x1b[38;5;234;48;5;234m▄▄▄\x1b[38;5;234;48;5;235m▄\x1b[38;5;235;48;5;24m▄\x1b[38;5;234;48;5;240m▄\x1b[38;5;60;48;5;60m▄\x1b[38;5;138;48;5;174m▄\x1b[38;5;95;48;5;167m▄\x1b[38;5;234;48;5;131m▄\x1b[38;5;234;48;5;95m▄\x1b[38;5;234;48;5;234m▄▄▄▄\x1b[38;5;23;48;5;23m▄\x1b[38;5;68;48;5;68m▄\x1b[38;5;131;48;5;173m▄\x1b[38;5;167;48;5;167m▄\x1b[38;5;235;48;5;235m▄\x1b[38;5;234;48;5;234m▄▄▄\x1b[38;5;234;48;5;235m▄\x1b[38;5;235;48;5;60m▄\x1b[38;5;235;48;5;96m▄\x1b[38;5;234;48;5;131m▄▄▄\x1b[38;5;235;48;5;95m▄\x1b[38;5;234;48;5;95m▄\x1b[38;5;60;48;5;66m▄\x1b[38;5;67;49m▄\x1b[49m  \x1b[38;5;174;48;5;174m▄\x1b[38;5;236;48;5;95m▄\x1b[38;5;234;48;5;233m▄\x1b[38;5;234;48;5;235m▄\x1b[38;5;67;48;5;67m▄\x1b[38;5;132;48;5;132m▄\x1b[38;5;235;48;5;235m▄\x1b[38;5;234;48;5;234m▄\x1b[38;5;235;48;5;235m▄\x1b[38;5;67;48;5;68m▄\x1b[49m  \x1b[38;5;167;48;5;167m▄\x1b[38;5;234;48;5;131m▄▄\x1b[38;5;234;48;5;236m▄\x1b[38;5;234;48;5;234m▄▄▄▄\x1b[38;5;24;48;5;24m▄\x1b[38;5;74;48;5;74m▄\x1b[49m              \x1b[m
\x1b[49m                           \x1b[38;5;167;48;5;167m▄\x1b[48;5;236m \x1b[48;5;234m \x1b[38;5;234;48;5;234m▄▄\x1b[48;5;234m \x1b[38;5;24;48;5;24m▄\x1b[38;5;68;48;5;68m▄\x1b[49m   \x1b[38;5;167;48;5;167m▄\x1b[48;5;131m \x1b[48;5;234m  \x1b[38;5;234;48;5;234m▄▄\x1b[38;5;236;48;5;235m▄\x1b[38;5;67;48;5;67m▄\x1b[49m \x1b[49;38;5;167m▀\x1b[38;5;236;48;5;235m▄\x1b[38;5;239;48;5;234m▄▄\x1b[38;5;234;48;5;234m▄▄▄▄\x1b[38;5;236;48;5;60m▄\x1b[38;5;236;48;5;246m▄\x1b[38;5;234;48;5;237m▄\x1b[38;5;234;48;5;234m▄▄▄▄\x1b[38;5;240;48;5;234m▄▄\x1b[38;5;60;48;5;23m▄\x1b[38;5;74;48;5;68m▄\x1b[38;5;174;48;5;138m▄\x1b[38;5;167;48;5;167m▄\x1b[38;5;235;48;5;235m▄\x1b[38;5;234;48;5;234m▄▄▄▄\x1b[38;5;23;48;5;234m▄\x1b[38;5;236;48;5;234m▄\x1b[38;5;235;48;5;234m▄▄▄▄▄\x1b[38;5;24;48;5;24m▄\x1b[38;5;68;48;5;68m▄\x1b[49m    \x1b[38;5;167;48;5;132m▄\x1b[38;5;167;48;5;131m▄\x1b[38;5;233;48;5;233m▄\x1b[38;5;234;48;5;234m▄▄▄\x1b[38;5;234;48;5;235m▄\x1b[38;5;235;48;5;60m▄\x1b[38;5;234;48;5;95m▄\x1b[38;5;235;48;5;131m▄▄\x1b[38;5;235;48;5;234m▄\x1b[38;5;234;48;5;234m▄\x1b[38;5;235;48;5;234m▄\x1b[38;5;60;48;5;234m▄\x1b[38;5;237;48;5;234m▄\x1b[38;5;236;48;5;234m▄▄\x1b[38;5;60;48;5;24m▄\x1b[38;5;67;48;5;68m▄\x1b[49m              \x1b[m
\x1b[49m          \x1b[38;5;167;49m▄▄\x1b[38;5;131;49m▄\x1b[38;5;181;49m▄\x1b[49m  \x1b[38;5;174;49m▄\x1b[38;5;167;49m▄\x1b[38;5;131;49m▄\x1b[38;5;167;49m▄▄▄▄▄\x1b[38;5;131;49m▄▄\x1b[38;5;131;48;5;223m▄\x1b[38;5;167;48;5;167m▄\x1b[38;5;237;48;5;237m▄\x1b[38;5;234;48;5;234m▄▄▄▄\x1b[38;5;24;48;5;24m▄\x1b[38;5;68;48;5;68m▄\x1b[49m   \x1b[38;5;167;48;5;167m▄\x1b[38;5;131;48;5;131m▄\x1b[38;5;233;48;5;233m▄\x1b[38;5;234;48;5;234m▄▄▄\x1b[38;5;235;48;5;235m▄\x1b[38;5;68;48;5;68m▄\x1b[49m   \x1b[49;38;5;132m▀\x1b[38;5;237;48;5;95m▄\x1b[38;5;234;48;5;234m▄\x1b[38;5;236;48;5;234m▄\x1b[38;5;234;48;5;234m▄▄▄▄▄▄▄\x1b[38;5;23;48;5;234m▄\x1b[38;5;236;48;5;234m▄\x1b[38;5;67;48;5;25m▄\x1b[38;5;74;48;5;68m▄\x1b[49m  \x1b[38;5;174;48;5;174m▄\x1b[38;5;167;48;5;167m▄\x1b[38;5;235;48;5;235m▄\x1b[38;5;234;48;5;234m▄▄▄\x1b[38;5;235;48;5;234m▄\x1b[38;5;31;48;5;31m▄\x1b[38;5;74;48;5;74m▄\x1b[49m           \x1b[38;5;167;48;5;167m▄▄\x1b[38;5;233;48;5;233m▄\x1b[48;5;234m \x1b[38;5;234;48;5;234m▄▄▄\x1b[38;5;235;48;5;234m▄▄\x1b[38;5;234;48;5;234m▄▄▄▄\x1b[38;5;234;48;5;235m▄\x1b[38;5;60;48;5;67m▄\x1b[38;5;236;48;5;73m▄\x1b[38;5;239;49m▄\x1b[38;5;110;49m▄\x1b[49m                \x1b[m
\x1b[49m          \x1b[38;5;174;48;5;167m▄\x1b[38;5;131;48;5;131m▄\x1b[38;5;233;48;5;233m▄▄\x1b[38;5;67;48;5;67m▄\x1b[38;5;68;48;5;68m▄\x1b[49;38;5;167m▀\x1b[38;5;174;48;5;167m▄\x1b[38;5;233;48;5;233m▄▄▄▄▄▄▄▄▄▄\x1b[38;5;233;48;5;234m▄▄\x1b[38;5;234;48;5;234m▄▄▄\x1b[38;5;60;48;5;24m▄\x1b[38;5;103;48;5;68m▄\x1b[38;5;174;49m▄▄\x1b[38;5;168;49m▄\x1b[38;5;168;48;5;167m▄\x1b[38;5;131;48;5;131m▄\x1b[38;5;233;48;5;233m▄\x1b[38;5;234;48;5;234m▄▄▄\x1b[38;5;235;48;5;236m▄\x1b[38;5;67;48;5;68m▄\x1b[49m     \x1b[49;38;5;174m▀\x1b[38;5;238;48;5;131m▄\x1b[38;5;234;48;5;234m▄\x1b[38;5;233;48;5;234m▄\x1b[38;5;234;48;5;234m▄▄▄\x1b[38;5;233;48;5;234m▄\x1b[38;5;234;48;5;235m▄\x1b[38;5;67;48;5;68m▄\x1b[38;5;73;48;5;67m▄\x1b[49m    \x1b[38;5;174;48;5;174m▄\x1b[38;5;167;48;5;167m▄\x1b[38;5;235;48;5;235m▄\x1b[38;5;234;48;5;234m▄▄▄\x1b[38;5;235;48;5;234m▄\x1b[38;5;67;48;5;31m▄\x1b[38;5;245;48;5;74m▄\x1b[38;5;167;49m▄▄▄▄▄▄▄▄\x1b[38;5;131;49m▄\x1b[49m  \x1b[38;5;167;48;5;167m▄▄\x1b[38;5;233;48;5;233m▄\x1b[38;5;234;48;5;234m▄▄▄▄\x1b[38;5;23;48;5;23m▄\x1b[38;5;238;48;5;240m▄\x1b[38;5;234;48;5;234m▄▄▄▄▄▄▄\x1b[38;5;23;48;5;23m▄\x1b[38;5;74;48;5;68m▄\x1b[49m                \x1b[m
\x1b[49m            \x1b[49;38;5;242m▀\x1b[49;38;5;237m▀\x1b[49;38;5;67m▀\x1b[49;38;5;74m▀\x1b[49m  \x1b[49;38;5;242m▀\x1b[49;38;5;238m▀▀▀▀▀\x1b[49;38;5;237m▀\x1b[49;38;5;238m▀\x1b[49;38;5;237m▀\x1b[49;38;5;238m▀\x1b[49;38;5;237m▀\x1b[38;5;167;48;5;95m▄\x1b[38;5;95;48;5;239m▄\x1b[38;5;234;48;5;234m▄▄\x1b[38;5;234;48;5;235m▄▄▄▄▄▄▄\x1b[38;5;234;48;5;234m▄▄\x1b[38;5;23;48;5;236m▄\x1b[38;5;68;48;5;60m▄\x1b[49;38;5;239m▀\x1b[49;38;5;67m▀\x1b[49m       \x1b[49;38;5;145m▀\x1b[38;5;138;48;5;131m▄\x1b[38;5;234;48;5;236m▄\x1b[38;5;233;48;5;234m▄\x1b[38;5;23;48;5;238m▄\x1b[38;5;68;48;5;67m▄\x1b[49;38;5;66m▀\x1b[38;5;174;48;5;139m▄\x1b[38;5;95;48;5;131m▄\x1b[38;5;234;48;5;131m▄\x1b[38;5;235;48;5;131m▄▄▄▄\x1b[38;5;234;48;5;167m▄\x1b[38;5;234;48;5;235m▄\x1b[38;5;234;48;5;234m▄▄\x1b[38;5;238;48;5;235m▄\x1b[38;5;67;48;5;235m▄\x1b[38;5;236;48;5;234m▄▄▄▄▄▄\x1b[38;5;241;48;5;234m▄\x1b[38;5;239;48;5;234m▄\x1b[38;5;234;48;5;234m▄\x1b[38;5;234;48;5;233m▄▄\x1b[38;5;235;48;5;235m▄\x1b[38;5;67;48;5;66m▄\x1b[38;5;7;48;5;174m▄\x1b[38;5;131;48;5;167m▄\x1b[38;5;233;48;5;233m▄\x1b[38;5;234;48;5;234m▄▄▄\x1b[38;5;235;48;5;235m▄\x1b[38;5;67;48;5;24m▄\x1b[49;38;5;240m▀\x1b[38;5;138;48;5;239m▄\x1b[38;5;239;48;5;239m▄\x1b[38;5;234;48;5;234m▄▄▄▄▄\x1b[38;5;234;48;5;235m▄\x1b[38;5;234;48;5;236m▄\x1b[38;5;23;48;5;239m▄\x1b[38;5;68;48;5;73m▄\x1b[49m              \x1b[m
\x1b[49m                              \x1b[49;38;5;237m▀\x1b[49;38;5;234m▀\x1b[38;5;66;48;5;234m▄▄▄\x1b[38;5;8;48;5;234m▄\x1b[38;5;66;48;5;234m▄▄▄▄\x1b[38;5;66;48;5;233m▄▄\x1b[38;5;67;48;5;237m▄\x1b[38;5;110;48;5;67m▄\x1b[49m           \x1b[49;38;5;235m▀▀\x1b[49;38;5;24m▀\x1b[49;38;5;67m▀\x1b[49m  \x1b[49;38;5;238m▀\x1b[49;38;5;234m▀\x1b[49;38;5;233m▀\x1b[49;38;5;234m▀▀▀\x1b[49;38;5;233m▀\x1b[49;38;5;234m▀▀▀\x1b[49;38;5;24m▀\x1b[49;38;5;67m▀\x1b[49m       \x1b[49;38;5;236m▀\x1b[49;38;5;233m▀\x1b[49;38;5;234m▀▀▀\x1b[49;38;5;61m▀\x1b[49;38;5;153m▀\x1b[49m \x1b[49;38;5;235m▀▀\x1b[49;38;5;236m▀▀\x1b[49;38;5;237m▀\x1b[49;38;5;67m▀\x1b[49m  \x1b[49;38;5;238m▀\x1b[49;38;5;235m▀\x1b[49;38;5;236m▀▀▀▀▀▀\x1b[49;38;5;24m▀\x1b[49;38;5;67m▀\x1b[49m              \x1b[m
\x1b[49m                                                                                                                        \x1b[m
\x1b[49m                                                                                                                        \x1b[m
\x1b[49m                                                                                                                        \x1b[m